4 Corners

37 134 -69
40 134 -54
37 134 -39
52 134 -42
67 134 -39
64 134 -54
67 134 -69
52 134 -66
-51 134 -51
-51 134 -57
-57 134 -57
-57 134 -51
-63 134 -39
-45 134 -39
-39 134 -45
-39 134 -63
-45 134 -69
-63 134 -69
-69 134 -63
-69 134 -45
-66 143 40
-66 143 64
-42 143 64
-42 143 40
-54 134 40
-66 134 52
-54 134 64
-42 134 52
67 134 37
67 134 67
37 134 67
37 134 37
43 134 52
52 134 61
61 134 52
52 134 43

Sheerdrop

1969 111 -33
1963 105 -27
1963 105 -21
1969 105 -51
1993 105 -45
1987 105 -45
1987 105 -51
1969 99 -45
1963 99 -33
1963 93 -27
1975 93 -15
1975 93 -3
1981 93 -21
1999 93 -9
1999 93 -21
2011 93 -21
2011 93 -33
2005 93 -39
2005 99 -27
2001 93 -5
1993 105 -27
1987 120 -10

Cargo

4000 102 -7
3990 102 -16
4010 102 -16
3995 97 -14
4005 97 -14
4005 92 -15
3995 92 -15
3995 92 -7
4005 92 -7
3997 87 -8
4003 87 -8
3989 82 -5
4011 82 -5
4004 86 60
4004 91 51
3996 91 61
3994 96 51
3996 91 21
4011 91 21
3996 96 11
3995 81 30
4005 81 30
4005 81 44
3995 81 44

Arena

6000 64 0
6000 64 -10
6007 64 -7
6010 64 0
6007 64 7
6000 64 10
5993 64 7
5990 64 0
5993 64 -7
6000 64 -20
6014 64 -14
6020 64 0
6014 64 14
6000 64 20
5986 64 14
5980 64 0
5986 64 -14

Survival Beginnings

8033 73 43
8038 66 22
8028 66 19
8027 66 8
8035 66 0
8026 66 -16
8020 66 -28
8009 66 -32
8002 66 -23
8009 66 -15
8016 68 -7
8009 73 -3
7994 66 -13
7979 66 -10
7972 66 -18
7961 67 -28
7954 66 -34
7951 66 -15
7956 66 -6
7954 66 3
7963 66 9
7963 67 21
7974 66 27
7995 66 39
8002 66 34
7988 67 29
7989 69 15
7979 66 9
8010 71 9

Temple

9055 69 -34
9042 65 -29
8993 72 10
8993 72 -10
9007 72 -10
9007 72 10
9000 72 0
8955 67 -11
8974 65 7
9013 68 56
9025 70 64

Enchanted Forest

9976 80 0
9929 81 -32
9963 80 -61
9996 80 -44
10040 79 42
10029 78 7
10056 82 -52
10026 83 -71
9958 82 82
9940 81 48

Gulag

11972 64 24
11986 64 24
11999 64 24
12000 64 0
12000 64 -24
11986 64 -24
11972 64 -24
11972 64 0
11986 64 0
11999 72 -34
12000 72 -12
12000 72 12
12000 72 34
11972 72 34
11972 72 12
11972 72 -12
11972 72 -34
11986 72 -24
11986 72 0
11986 72 24

Water Treatment

13987 56 7
14007 53 1
14007 53 13
14023 58 -2
14029 53 14
14017 53 14
13987 75 -11
13991 75 2
14004 71 -8
14017 71 -12
14029 71 -12

House

18001 72 7
17978 72 12
18005 67 5
17982 65 14
17996 59 1
17977 58 11
17999 53 5
17976 52 14

Old KitPvP

20022 67 -4
19971 66 15
19877 90 -7
19843 87 68
19994 67 -55
19863 110 -17
19855 81 95
19946 80 155
19902 100 146
20049 132 111
20010 86 17
20013 67 40
19867 92 11
